Date_NodeID	0	3	4	8
20220901	0.35	0.22	0.29	0.64
20220902	0.31	0.20	0.26	0.58
20220903	0.28	0.18	0.24	0.54
20220904	0.32	0.21	0.30	0.67
20220905	0.38	0.23	0.30	0.64
20220906	0.46	0.27	0.31	0.59
20220907	0.47	0.27	0.30	0.56
20220908	0.42	0.24	0.28	0.52
20220909	0.38	0.22	0.26	0.49
20220910	0.40	0.23	0.25	0.46
20220911	0.48	0.26	0.27	0.44
20220912	0.70	0.43	0.55	1.17
20220913	1.90	1.30	1.95	4.65
20220914	1.35	0.89	1.26	2.91
20220915	1.12	0.73	1.01	2.27
20220916	0.92	0.59	0.82	1.85
20220917	0.76	0.48	0.67	1.49
20220918	0.61	0.39	0.54	1.21
20220919	0.51	0.33	0.45	1.01
20220920	0.45	0.29	0.41	0.92
20220921	0.41	0.27	0.38	0.85
20220922	0.39	0.25	0.35	0.80
20220923	0.39	0.26	0.37	0.86
20220924	0.41	0.27	0.40	0.93
20220925	2.08	1.04	0.89	0.93
20220926	3.41	1.80	1.77	2.58
20220927	4.25	2.41	2.74	5.00
20220928	5.81	3.73	5.12	11.45
20220929	3.88	2.53	3.54	8.06
20220930	2.92	1.90	2.67	6.09
20221001	5.52	3.76	5.58	13.28
20221002	6.60	4.19	5.66	12.48
20221003	5.80	3.51	4.44	9.19
20221004	5.67	3.26	3.80	7.14
20221005	11.52	5.92	5.43	6.85
20221006	16.91	8.55	7.54	8.60
20221007	6.82	4.02	4.88	9.66
20221008	5.78	3.63	4.85	10.58
20221009	4.56	2.87	3.83	8.37
20221010	3.93	2.49	3.37	7.41
20221011	3.74	2.40	3.28	7.32
20221012	3.21	2.04	2.77	6.12
20221013	2.85	1.84	2.55	5.74
20221014	2.47	1.61	2.26	5.14
20221015	3.81	2.62	3.94	9.47
20221016	4.43	3.10	4.75	11.56
20221017	4.16	2.93	4.50	11.00
20221018	3.90	2.76	4.26	10.45
20221019	3.37	2.38	3.67	9.00
20221020	2.76	1.95	3.00	7.34
20221021	2.39	1.66	2.52	6.10
20221022	2.27	1.52	2.22	5.21
20221023	4.92	2.68	2.81	4.56
20221024	6.59	3.46	3.36	4.76
20221025	4.77	2.78	3.31	6.41
20221026	11.75	5.92	5.16	5.72
20221027	6.68	3.57	3.59	5.45
20221028	4.96	2.73	2.91	4.87
20221029	5.94	3.20	3.29	5.18
20221030	5.42	2.91	2.94	4.52
20221031	3.37	1.92	2.20	4.06
20221101	3.37	1.96	2.33	4.50
20221102	5.43	3.23	3.96	7.91
20221103	10.80	6.38	7.76	15.39
20221104	9.93	6.39	8.82	19.80
20221105	8.16	5.51	8.09	19.12
20221106	6.03	4.10	6.07	14.41
20221107	7.61	5.34	8.17	19.92
20221108	6.54	4.59	7.06	17.23
20221109	7.61	5.42	8.42	20.76
20221110	5.88	4.17	6.47	15.92
20221111	4.75	3.36	5.20	12.76
20221112	3.89	2.73	4.20	10.26
20221113	3.33	2.30	3.47	8.36
20221114	3.25	2.13	3.01	6.89
20221115	4.55	2.65	3.14	6.05
20221116	6.84	3.74	3.97	6.55
20221117	13.09	6.54	5.58	5.79
20221118	6.39	3.37	3.30	4.77
20221119	3.77	2.11	2.32	4.06
20221120	4.03	2.17	2.23	3.51
20221121	2.76	1.55	1.73	3.08
20221122	2.30	1.31	1.50	2.76
20221123	2.85	1.56	1.65	2.71
20221124	2.97	1.71	2.00	3.77
20221125	4.09	2.66	3.72	8.44
20221126	5.88	3.76	5.16	11.53
20221127	6.61	4.11	5.40	11.59
20221128	7.83	5.38	8.03	19.22
20221129	5.30	3.64	5.46	13.08
20221130	3.62	2.46	3.62	8.57
20221201	2.78	1.87	2.72	6.38
20221202	2.35	1.56	2.24	5.20
20221203	1.98	1.32	1.91	4.46
20221204	1.82	1.20	1.70	3.90
20221205	1.70	1.11	1.54	3.49
20221206	1.69	1.10	1.53	3.47
20221207	1.65	1.07	1.49	3.38
20221208	1.74	1.13	1.60	3.64
20221209	1.87	1.22	1.73	3.95
20221210	1.87	1.22	1.72	3.94
20221211	1.98	1.30	1.85	4.26
20221212	1.99	1.31	1.87	4.31
20221213	1.90	1.25	1.78	4.11
20221214	1.79	1.18	1.70	3.95
20221215	1.66	1.09	1.55	3.58
20221216	1.57	1.01	1.40	3.17
20221217	1.51	0.97	1.35	3.05
20221218	1.55	0.99	1.36	3.03
20221219	1.69	1.05	1.36	2.88
20221220	2.13	1.24	1.45	2.76
20221221	3.75	1.92	1.76	2.22
20221222	3.87	1.96	1.75	2.06
20221223	2.87	1.49	1.40	1.86
20221224	2.05	1.09	1.09	1.64
20221225	1.68	0.92	0.98	1.64
20221226	3.14	1.72	1.83	3.04
20221227	2.51	1.47	1.75	3.40
20221228	1.81	1.09	1.38	2.83
20221229	1.80	1.06	1.28	2.53
20221230	1.65	0.98	1.20	2.41
20221231	2.09	1.33	1.80	3.99
20230101	1.71	1.07	1.43	3.11
20230102	1.49	0.93	1.22	2.63
20230103	1.35	0.83	1.09	2.34
20230104	1.25	0.78	1.02	2.19
20230105	1.72	0.99	1.14	2.12
20230106	1.46	0.86	1.04	2.05
20230107	1.48	0.89	1.11	2.27
20230108	2.93	2.02	3.03	7.26
20230109	4.26	3.02	4.68	11.50
20230110	3.14	2.20	3.37	8.20
20230111	2.60	1.80	2.73	6.59
20230112	2.24	1.55	2.33	5.61
20230113	1.91	1.31	1.97	4.73
20230114	1.64	1.13	1.68	4.03
20230115	1.55	1.06	1.59	3.81
20230116	1.50	1.03	1.55	3.73
20230117	1.41	0.97	1.46	3.51
20230118	1.42	0.98	1.48	3.57
20230119	1.25	0.85	1.27	3.03
20230120	1.21	0.82	1.20	2.84
20230121	1.14	0.77	1.13	2.67
20230122	1.14	0.76	1.09	2.52
20230123	1.31	0.85	1.18	2.65
20230124	1.18	0.77	1.08	2.48
20230125	1.18	0.79	1.13	2.63
20230126	1.33	0.90	1.33	3.17
20230127	1.26	0.86	1.26	2.98
20230128	1.16	0.79	1.16	2.76
20230129	1.09	0.74	1.08	2.54
20230130	1.22	0.83	1.21	2.86
20230131	1.18	0.79	1.14	2.68
20230201	1.10	0.73	1.05	2.43
20230202	1.26	0.86	1.26	2.98
20230203	1.09	0.74	1.09	2.59
20230204	0.92	0.62	0.91	2.16
20230205	0.86	0.58	0.86	2.04
20230206	0.80	0.54	0.80	1.91
20230207	0.74	0.51	0.75	1.77
20230208	0.71	0.49	0.72	1.70
20230209	0.81	0.56	0.84	2.01
20230210	0.86	0.60	0.90	2.17
20230211	0.92	0.64	0.97	2.36
20230212	0.97	0.68	1.04	2.54
20230213	0.97	0.68	1.04	2.53
20230214	0.96	0.67	1.03	2.51
20230215	0.82	0.57	0.86	2.09
20230216	0.76	0.52	0.79	1.91
20230217	0.89	0.62	0.94	2.28
20230218	0.97	0.67	1.02	2.48
20230219	1.03	0.71	1.08	2.60
20230220	1.10	0.76	1.16	2.80
20230221	1.16	0.81	1.24	3.01
20230222	1.03	0.71	1.07	2.58
20230223	1.10	0.74	1.08	2.54
20230224	1.16	0.74	1.01	2.24
20230225	1.42	0.88	1.15	2.45
20230226	2.02	1.16	1.35	2.53
20230227	2.38	1.30	1.38	2.28
20230228	2.00	1.11	1.21	2.08
20230301	1.74	0.99	1.14	2.10
20230302	1.55	0.90	1.06	2.02
20230303	1.41	0.81	0.94	1.78
20230304	1.35	0.78	0.92	1.77
20230305	1.35	0.80	0.99	2.00
20230306	1.08	0.63	0.75	1.45
20230307	0.86	0.48	0.55	0.98
20230308	0.84	0.49	0.58	1.12
20230309	0.75	0.43	0.50	0.93
20230310	0.67	0.39	0.46	0.87
20230311	0.63	0.36	0.43	0.82
20230312	0.68	0.39	0.44	0.81
20230313	0.67	0.39	0.45	0.86
20230314	0.65	0.39	0.47	0.92
20230315	0.61	0.36	0.44	0.88
20230316	0.57	0.34	0.41	0.82
20230317	0.61	0.37	0.48	1.00
20230318	0.73	0.45	0.57	1.20
20230319	0.69	0.44	0.61	1.36
20230320	0.75	0.49	0.68	1.54
20230321	0.76	0.50	0.70	1.60
20230322	0.77	0.50	0.71	1.63
20230323	0.86	0.57	0.82	1.89
20230324	1.07	0.73	1.07	2.53
20230325	1.31	0.89	1.32	3.13
20230326	1.41	0.94	1.35	3.15
20230327	1.49	0.98	1.40	3.22
20230328	1.57	0.99	1.31	2.85
20230329	1.40	0.82	0.99	1.93
20230330	1.34	0.77	0.91	1.72
20230331	2.78	1.43	1.31	1.66
20230401	7.42	3.59	2.78	2.00
20230402	6.85	3.34	2.66	2.15
20230403	4.48	2.24	1.92	2.02
20230404	2.84	1.44	1.30	1.55
20230405	2.30	1.20	1.16	1.62
20230406	2.04	1.06	1.00	1.36
20230407	1.69	0.90	0.87	1.27
20230408	1.48	0.80	0.83	1.33
20230409	1.33	0.75	0.83	1.47
20230410	1.36	0.78	0.90	1.67
20230411	3.49	2.37	3.51	8.35
20230412	3.10	2.12	3.14	7.47
20230413	3.10	2.11	3.14	7.48
20230414	3.52	2.44	3.69	8.93
20230415	3.38	2.35	3.57	8.65
20230416	3.38	2.35	3.58	8.67
20230417	3.57	2.49	3.79	9.18
20230418	3.83	2.66	4.02	9.73
20230419	4.12	2.83	4.22	10.08
20230420	4.74	3.18	4.61	10.80
20230421	5.65	3.68	5.16	11.74
20230422	6.56	4.20	5.77	12.88
20230423	7.81	5.21	7.54	17.60
20230424	7.70	5.22	7.69	18.20
20230425	6.92	4.72	6.99	16.62
20230426	5.95	4.05	6.00	14.27
20230427	4.96	3.35	4.92	11.62
20230428	4.37	2.92	4.24	9.92
20230429	4.07	2.68	3.80	8.73
20230430	3.85	2.52	3.54	8.08
20230501	3.76	2.44	3.41	7.74
20230502	3.93	2.52	3.48	7.80
20230503	4.15	2.65	3.63	8.09
20230504	4.24	2.71	3.71	8.27
20230505	4.08	2.57	3.45	7.56
20230506	3.77	2.37	3.18	6.97
20230507	3.49	2.29	3.23	7.40
20230508	3.70	2.49	3.63	8.53
20230509	4.94	3.38	5.05	12.06
20230510	8.31	5.74	8.64	20.80
20230511	9.95	6.67	9.70	22.75
20230512	12.64	7.92	10.54	22.90
20230513	13.70	8.50	11.16	23.91
20230514	13.58	8.40	10.99	23.49
20230515	16.25	9.60	11.67	23.11
20230516	20.13	11.31	12.59	22.38
20230517	15.98	9.24	10.84	20.61
20230518	12.11	7.18	8.79	17.55
20230519	10.42	6.25	7.79	15.86
20230520	10.21	6.17	7.80	16.09
20230521	9.58	5.87	7.55	15.89
20230522	9.17	5.73	7.57	16.36
20230523	11.27	7.22	9.90	22.11
20230524	11.87	7.32	9.54	20.30
20230525	10.99	6.72	8.64	18.14
20230526	11.40	6.68	8.02	15.65
20230527	10.33	5.99	7.06	13.47
20230528	8.19	4.84	5.91	11.76
20230529	5.95	3.67	4.76	10.12
20230530	4.91	3.06	4.04	8.70
20230531	4.22	2.65	3.53	7.69
20230601	3.69	2.33	3.14	6.90
20230602	3.05	1.96	2.71	6.09
20230603	2.55	1.66	2.33	5.31
20230604	2.28	1.47	2.05	4.63
20230605	2.02	1.31	1.82	4.10
20230606	1.74	1.13	1.59	3.61
20230607	1.49	0.98	1.38	3.16
20230608	1.28	0.84	1.20	2.76
20230609	1.09	0.72	1.03	2.37
20230610	0.92	0.61	0.88	2.05
20230611	0.78	0.52	0.76	1.77
20230612	0.68	0.45	0.65	1.52
20230613	0.60	0.40	0.57	1.31
20230614	0.51	0.34	0.49	1.15
20230615	0.46	0.31	0.44	1.02
20230616	0.43	0.29	0.41	0.94
20230617	0.39	0.26	0.38	0.88
20230618	0.37	0.25	0.36	0.83
20230619	0.38	0.24	0.34	0.78
20230620	0.42	0.26	0.35	0.75
20230621	0.63	0.35	0.40	0.73
20230622	1.96	0.96	0.78	0.69
20230623	1.43	0.71	0.61	0.64
20230624	1.00	0.51	0.47	0.59
20230625	0.72	0.38	0.38	0.55
20230626	0.58	0.33	0.36	0.64
20230627	0.54	0.31	0.38	0.74
20230628	0.55	0.31	0.36	0.66
20230629	0.52	0.30	0.35	0.66
20230630	0.52	0.32	0.41	0.87
20230701	0.46	0.29	0.39	0.85
20230702	0.46	0.30	0.43	0.97
20230703	0.46	0.30	0.42	0.97
20230704	0.56	0.37	0.55	1.28
20230705	0.55	0.37	0.54	1.27
20230706	0.64	0.43	0.61	1.42
20230707	0.89	0.53	0.65	1.31
20230708	1.55	0.81	0.78	1.07
20230709	1.66	0.85	0.78	0.97
20230710	1.46	0.76	0.73	1.02
20230711	1.31	0.75	0.85	1.57
20230712	1.54	0.95	1.24	2.62
20230713	1.30	0.81	1.08	2.33
20230714	1.06	0.68	0.92	2.06
20230715	1.23	0.82	1.20	2.81
20230716	2.34	1.65	2.56	6.26
20230717	3.32	2.39	3.76	9.34
20230718	2.84	2.04	3.22	8.01
20230719	2.19	1.58	2.49	6.20
20230720	1.80	1.30	2.05	5.10
20230721	1.52	1.10	1.73	4.31
20230722	1.33	0.96	1.52	3.79
20230723	1.29	0.94	1.48	3.70
20230724	1.14	0.83	1.31	3.28
20230725	0.97	0.71	1.12	2.79
20230726	0.88	0.64	1.01	2.51
20230727	0.79	0.57	0.91	2.27
20230728	0.72	0.51	0.79	1.95
20230729	0.69	0.47	0.70	1.65
20230730	0.85	0.52	0.68	1.43
20230731	1.91	0.99	0.92	1.21
20230801	1.45	0.76	0.74	1.04
20230802	0.96	0.53	0.57	0.96
20230803	0.74	0.43	0.49	0.92
20230804	0.63	0.37	0.45	0.90
20230805	0.60	0.36	0.44	0.90
20230806	0.54	0.32	0.41	0.84
20230807	0.48	0.30	0.39	0.83
20230808	1.03	0.67	0.94	2.15
20230809	1.56	0.88	1.01	1.85
20230810	1.48	0.82	0.89	1.51
20230811	1.79	0.94	0.90	1.26
20230812	1.33	0.71	0.71	1.06
20230813	1.02	0.56	0.59	0.98
20230814	0.90	0.50	0.57	1.01
20230815	1.77	1.13	1.56	3.48
20230816	2.11	1.40	2.00	4.62
20230817	1.73	1.15	1.65	3.82
20230818	1.42	0.95	1.37	3.19
20230819	1.30	0.88	1.29	3.05
20230820	2.17	1.53	2.37	5.80
20230821	1.68	1.19	1.83	4.48
20230822	1.36	0.96	1.48	3.63
20230823	1.16	0.82	1.26	3.08
20230824	0.99	0.70	1.07	2.62
20230825	1.27	0.90	1.41	3.47
20230826	1.93	1.40	2.21	5.50
20230827	2.03	1.47	2.34	5.84
20230828	1.59	1.15	1.82	4.55
20230829	1.30	0.94	1.48	3.69
20230830	1.10	0.79	1.25	3.12
20230831	0.98	0.71	1.12	2.78
