RESTPRICE	101
Date	Price
2022090100	564.88
2022090200	425.85
2022090300	383.92
2022090400	310.1
2022090500	388.84
2022090600	414.35
2022090700	451.53
2022090800	426.56
2022090900	352.93
2022091000	410.94
2022091100	400.01
2022091200	407.95
2022091300	382.58
2022091400	425.5
2022091500	355.82
2022091600	329.39
2022091700	246.96
2022091800	117.59
2022091900	288.33
2022092000	380.82
2022092100	388.83
2022092200	378.9
2022092300	359.98
2022092400	350.71
2022092500	299.08
2022092600	259.4
2022092700	306.89
2022092800	308.52
2022092900	347.1
2022093000	278.97
2022100100	90.24
2022100200	182.72
2022100300	234.6
2022100400	199.01
2022100500	51.11
2022100600	23.87
2022100700	30.29
2022100800	53.38
2022100900	91.94
2022101000	137.71
2022101100	174.32
2022101200	199.99
2022101300	233.6
2022101400	217.24
2022101500	154.66
2022101600	113.21
2022101700	146.22
2022101800	163.82
2022101900	159.7
2022102000	142.11
2022102100	157.48
2022102200	142.07
2022102300	99.67
2022102400	85.2
2022102500	110.51
2022102600	121.49
2022102700	117.66
2022102800	103.22
2022102900	101.62
2022103000	117.93
2022103100	144.13
2022110100	72.49
2022110200	71.17
2022110300	86.5
2022110400	72.67
2022110500	47.65
2022110600	35.75
2022110700	43.83
2022110800	51.09
2022110900	42.57
2022111000	27.4
2022111100	2
2022111200	2.37
2022111300	29.93
2022111400	53.68
2022111500	53.75
2022111600	27.69
2022111700	48.91
2022111800	113.7
2022111900	167.1
2022112000	162.84
2022112100	209.55
2022112200	174.43
2022112300	149.84
2022112400	172.18
2022112500	200.33
2022112600	196.02
2022112700	146.04
2022112800	195.3
2022112900	362.56
2022113000	364.6
2022120100	349.65
2022120200	324.99
2022120300	268.82
2022120400	271.5
2022120500	290.78
2022120600	346.8
2022120700	334.11
2022120800	399.03
2022120900	418.69
2022121000	362.98
2022121100	338.61
2022121200	446.11
2022121300	458.63
2022121400	451.41
2022121500	396.61
2022121600	413.84
2022121700	254.65
2022121800	206.4
2022121900	211.48
2022122000	205.25
2022122100	223.3
2022122200	201.97
2022122300	193.29
2022122400	142.37
2022122500	129.44
2022122600	111.72
2022122700	141.35
2022122800	122.13
2022122900	96.28
2022123000	100.41
2022123100	116.22
2023010100	112.57
2023010200	149.26
2023010300	154.54
2023010400	114.64
2023010500	144.16
2023010600	126.04
2023010700	102.54
2023010800	75.8
2023010900	133.28
2023011000	130.44
2023011100	96.68
2023011200	89.95
2023011300	82.8
2023011400	94.71
2023011500	70.78
2023011600	139.76
2023011700	134.19
2023011800	138.38
2023011900	148.56
2023012000	162.5
2023012100	150.19
2023012200	151.8
2023012300	197.73
2023012400	184.54
2023012500	137.57
2023012600	132.38
2023012700	154.05
2023012800	116.81
2023012900	102.37
2023013000	90
2023013100	105.12
2023020100	103.83
2023020200	145.28
2023020300	113.1
2023020400	138.82
2023020500	122.83
2023020600	161.38
2023020700	132.45
2023020800	120.33
2023020900	98.34
2023021000	97.54
2023021100	94.63
2023021200	111.62
2023021300	115.78
2023021400	140.83
2023021500	122.53
2023021600	120.98
2023021700	92.12
2023021800	97.88
2023021900	107.63
2023022000	77.56
2023022100	106.71
2023022200	118.38
2023022300	116.16
2023022400	103.8
2023022500	97.6
2023022600	111.92
2023022700	124.57
2023022800	124.09
2023030100	130.84
2023030200	120.4
2023030300	115.58
2023030400	112.22
2023030500	129.96
2023030600	153.13
2023030700	116.08
2023030800	150.83
2023030900	138.51
2023031000	127.37
2023031100	110.53
2023031200	106.82
2023031300	94.68
2023031400	102.83
2023031500	121.64
2023031600	112.81
2023031700	104.15
2023031800	109
2023031900	110.09
2023032000	116.76
2023032100	111.31
2023032200	92.36
2023032300	86.11
2023032400	83.83
2023032500	73.36
2023032600	92.46
2023032700	100.94
2023032800	123.85
2023032900	127.02
2023033000	103.78
2023033100	111.82
2023040100	97.93
2023040200	105.1
2023040300	126.48
2023040400	133.13
2023040500	130.91
2023040600	125.89
2023040700	117.92
2023040800	120.65
2023040900	110.21
2023041000	54.37
2023041100	84.46
2023041200	111.98
2023041300	107.21
2023041400	118.93
2023041500	111.66
2023041600	115.15
2023041700	125.48
2023041800	114.76
2023041900	108.75
2023042000	111.16
2023042100	107.99
2023042200	98.4
2023042300	97.86
2023042400	116.53
2023042500	104.47
2023042600	114.37
2023042700	123.38
2023042800	121.71
2023042900	112.7
2023043000	99.79
2023050100	106.34
2023050200	121.79
2023050300	118.18
2023050400	112.16
2023050500	97.57
2023050600	94.93
2023050700	88.05
2023050800	102.04
2023050900	96.16
2023051000	94.02
2023051100	101.36
2023051200	91.5
2023051300	74.61
2023051400	72.75
2023051500	94.89
2023051600	63.07
2023051700	54.3
2023051800	88.11
2023051900	92.94
2023052000	52.63
2023052100	37.13
2023052200	84.47
2023052300	63
2023052400	82.48
2023052500	57.66
2023052600	61.92
2023052700	61.74
2023052800	48.15
2023052900	41.99
2023053000	85.78
2023053100	60.15
2023060100	67.13
2023060200	80.96
2023060300	62.32
2023060400	61.21
2023060500	87.85
2023060600	90.18
2023060700	96.78
2023060800	89.09
2023060900	88.92
2023061000	61.83
2023061100	47.65
2023061200	88.79
2023061300	99.07
2023061400	105.66
2023061500	116.5
2023061600	123.12
2023061700	107.51
2023061800	102.72
2023061900	116.72
2023062000	131.31
2023062100	131.91
2023062200	129.33
2023062300	112.73
2023062400	91.6
2023062500	78.92
2023062600	97.36
2023062700	97.1
2023062800	110.38
2023062900	115.58
2023063000	106.16
2023070100	61.08
2023070200	15.91
2023070300	50.32
2023070400	83.25
2023070500	80.53
2023070600	96.75
2023070700	101.04
2023070800	87.46
2023070900	94.05
2023071000	98.21
2023071100	89.89
2023071200	76.69
2023071300	83.49
2023071400	85.48
2023071500	33.33
2023071600	17.86
2023071700	30.56
2023071800	64.7
2023071900	77.76
2023072000	64.67
2023072100	83.13
2023072200	75.63
2023072300	33.2
2023072400	69.9
2023072500	60.25
2023072600	69.52
2023072700	87.34
2023072800	86.76
2023072900	74.61
2023073000	39.52
2023073100	69.33
2023080100	73.87
2023080200	64.75
2023080300	43.55
2023080400	62.13
2023080500	76.94
2023080600	57.55
2023080700	16.83
2023080800	0.04
2023080900	14.7
2023081000	51.29
2023081100	72.38
2023081200	69.7
2023081300	63.19
2023081400	85.95
2023081500	82.73
2023081600	93.53
2023081700	92.99
2023081800	84.39
2023081900	48.88
2023082000	75.6
2023082100	88.48
2023082200	92.08
2023082300	99.54
2023082400	99.69
2023082500	93.18
2023082600	87.96
2023082700	89.48
2023082800	91.8
2023082900	95.06
2023083000	99.59
2023083100	97.22
